A = [[692 970 719 599 238 705 255 721 736 975]
 [280 146 388 172 875 863 542 919 808 999]
 [397 516 452 915  10 459 584 938 557 976]
 [897  95 207 479  73 323 455 680  15 175]
 [565 390 419 748 549 410 992  13 907 197]
 [545 852 256 723 832 862 608 694 621   8]
 [466 959 224 425 644 378 900 327 180 805]
 [ 79 298 505 681  40 402 858 261 495 802]
 [766 524 911 683 811  84 306 242  57  69]
 [ 78  23 634 637 474  98 338  17 377 396]
 [321 829 553 500  27  76 787 900 642 663]
 [665 865 272   6 624 209 685 513 390  57]
 [ 26 669 246 642 582 390 706 951 914 656]
 [747  60 389 933 276  29 400  85 864  58]
 [678 651  64 245 747  10 743  71 769 536]
 [552 877 859 837 166 142 878 842 611 291]
 [179 504 334 887 409 110 485 905 409 599]
 [262 146 652 738 545 705 826 771 275  48]
 [950 106 335 300 959 696 526 958 516 575]
 [118 824 928 848 384 880 976 189 696 268]
 [427 733 713 409 833 241 225 515 844 898]
 [387 898 353 337 299 113 675 686 326 290]
 [754 376 342 670 695 209 699 679 857 932]
 [563 107 911 628 589 293 875 541 385 245]
 [525 444 309 370  45 950 853 734  82 643]
 [647 143 546 139  89 749 900 291 166 137]
 [164 477 721 982 472 318 857  43 259 478]
 [242 199 838 455 439 577 238 669 737 451]
 [397 258 730 611 209 333 702 690 105 827]
 [722 641 950 354 186 362 864 357 458 145]
 [546  73  89  61 278 148 769  15  17 467]
 [135   6 498 780 465 767  87 809  95 790]
 [770 772 899 648 500 623 216 433 370  63]
 [169 647 718 564 331 894 724 352 473 646]
 [ 25 422 152 480 210 174 403 494 653 513]
 [255 627 164 519 262 828 376 204 426  76]
 [672 424 835  39  85 201 975 384 968  62]
 [ 39 719 326 976 166 179 130  17 416 442]
 [454 949  67 850 263 293 620 147 190 496]
 [974 568 795 283 320 710 904 220 908 348]
 [448 648 293 202 703 500 974 959 737 204]
 [545 263  51 272 709 752 283 869 815 212]
 [157 481 882 819 777 384 903 852 149 216]
 [621 277 552 907 635 330 401 410 183 741]
 [596  74 674 991 963 206 664 715 943 719]
 [634 838 232 556 906 286 719 125 226  12]
 [405 560  19 410 863 780 179 919 440 856]
 [414 128 559 466 183 832 549 599 581 189]
 [142 380 155 260 664 353 813  75 454 846]
 [202  84 564 229  52 187 421 435 607  74]
 [901 372 228 989 459 494  86 332 278 507]
 [548 981 863 967 270 467 745 945 538 272]
 [590 612 798 392 909 605  15 715 139 617]
 [188 782 614 530 690 946 342 944 175 768]
 [ 15 843 670 409 794 508 982 456 247 869]
 [551 992 898  40 691 694 357 848 842 492]
 [299 202 257  93 373 606 653 588 750 448]
 [305 272 679 626 746 976 402 609 328 839]
 [400 126 394 106 273 846 388 675 208 957]
 [224 535 686 418 201 517 886 408 236 260]
 [967 533 948  35  63 866   8 129  72 753]
 [115 973 561 292 621 258 838 727 216 230]
 [384 973  48 188 427 553 658 830 639 885]
 [233 843 736 753 471 524 751 108 246 661]
 [754 126 194 402 517 807 654 163 648 462]
 [971 250 935 820 283 650 295 525 305 257]
 [253 173 637 302 184 419 220 215 257 334]
 [166 370  81 226 119 575 260 768 121 824]
 [348 239 992  66 146 506 745 184  82  83]
 [317 952 737 968 189 199 653 984 240 530]
 [160 449 945 887 842 409 348 890 679 608]
 [761 973 916 557 170 120 540 846  55 425]
 [212  72 333  80 180 974 572 844 671  30]
 [791 712 990 690 374 451 173  96 505 134]
 [867 333 268 539 706 847  39 543 995 612]
 [721 272 145 104 640 950  23 569 275  50]
 [569 892 141 789  98 608 136 437 971  61]
 [249 359 764 205 741 438 846 369 873 351]
 [ 19 487 830 612 285 815 898 514 994 926]
 [525 139 914 588 674 171 539 154 705 364]
 [821 398 198 785 829 892  24 501 808 329]
 [214 740 482 518 248 682 956 148 512 205]
 [242 548 797 510 153 466 656 178 528 336]
 [707 133 949  59 903  24 448 378 437 636]
 [991 105  30 542 839 760 978 156 652 650]
 [539 428 514 187 558 474 357 242 960  94]
 [620 256 686 157 218 882 703 292 246 719]
 [587 948 613 547 355 482 534 568 367 216]
 [677 638 775 877 309 587 467 721 729 928]
 [467 215 262 367 314 880 633 954   4 987]
 [847 975  92   5 281 930 120 160 331 375]
 [475 914 418 320 430 309 562 359 383 942]
 [ 59 168 124 903 886 645 653 773 826 175]
 [867 252 185 496 578 919 513 595 675 495]
 [510 787 703 949 648 737 372 181 531 582]
 [254 960 833 949 634 692  84 845  25 921]
 [248 285 543 531 316 999 611 514 205 567]
 [670 515 464 595 327 589 264 735 725 899]
 [ 72 998  25 256 699  74 905 935 709 659]
 [ 61 301 700  88 307 975 442 563 495 729]]
b = [[39]
 [79]
 [78]
 [81]
 [22]
 [64]
 [58]
 [ 7]
 [17]
 [45]
 [ 0]
 [12]
 [ 7]
 [69]
 [70]
 [10]
 [49]
 [94]
 [ 2]
 [40]
 [99]
 [19]
 [54]
 [24]
 [96]
 [56]
 [59]
 [13]
 [60]
 [71]
 [10]
 [68]
 [80]
 [31]
 [ 0]
 [79]
 [68]
 [24]
 [93]
 [51]
 [85]
 [ 6]
 [96]
 [78]
 [ 4]
 [13]
 [85]
 [73]
 [34]
 [51]
 [38]
 [64]
 [ 7]
 [ 5]
 [ 0]
 [95]
 [95]
 [16]
 [16]
 [72]
 [95]
 [76]
 [52]
 [60]
 [15]
 [66]
 [91]
 [ 7]
 [32]
 [99]
 [37]
 [54]
 [80]
 [82]
 [24]
 [30]
 [66]
 [32]
 [30]
 [21]
 [90]
 [53]
 [40]
 [14]
 [94]
 [13]
 [10]
 [14]
 [55]
 [50]
 [60]
 [ 2]
 [ 2]
 [73]
 [52]
 [ 3]
 [ 7]
 [20]
 [40]
 [32]]
A^T A = [[28060059 22323893 23533439 22421432 21273847 24242316 23416684 22309595
  22292545 20620414]
 [22323893 34209421 26446060 26351728 22464118 24825478 28105114 26554850
  23804070 24432593]
 [23533439 26446060 35452405 27686853 22709095 26332845 29014265 26261663
  24138736 24463743]
 [22421432 26351728 27686853 33803541 23446624 25139717 27319747 26411348
  24559842 24770263]
 [21273847 22464118 22709095 23446624 27733042 23759027 24500606 24371139
  23353928 22642126]
 [24242316 24825478 26332845 25139717 23759027 35152406 27115795 28021060
  25013772 26220884]
 [23416684 28105114 29014265 27319747 24500606 27115795 38196692 27796681
  27150670 25823741]
 [22309595 26554850 26261663 26411348 24371139 28021060 27796681 35154584
  25138720 27185048]
 [22292545 23804070 24138736 24559842 23353928 25013772 27150670 25138720
  31074299 22724847]
 [20620414 24432593 24463743 24770263 22642126 26220884 25823741 27185048
  22724847 32143340]]
Ab = [[2240648]
 [2339423]
 [2389902]
 [2367296]
 [1974464]
 [2493323]
 [2542633]
 [2373318]
 [2189063]
 [2078712]]
l = [[ 1.          0.          0.          0.          0.          0.
   0.          0.          0.          0.        ]
 [ 0.79557541  1.          0.          0.          0.          0.
   0.          0.          0.          0.        ]
 [ 0.83868102  0.46953594  1.          0.          0.          0.
   0.          0.          0.          0.        ]
 [ 0.79905149  0.51758443  0.40408006  1.          0.          0.
   0.          0.          0.          0.        ]
 [ 0.75815404  0.33674638  0.18746781  0.28031234  1.          0.
   0.          0.          0.          0.        ]
 [ 0.86394387  0.3367293   0.28129611  0.16071183  0.28582035  1.
   0.          0.          0.          0.        ]
 [ 0.83452013  0.57604289  0.4074892   0.18025996  0.25125196  0.13581807
   1.          0.          0.          0.        ]
 [ 0.79506586  0.53534206  0.28260158  0.27837572  0.36294555  0.3358356
   0.09654239  1.          0.          0.        ]
 [ 0.79445824  0.36893669  0.21448912  0.26907537  0.37422257  0.15840205
   0.24671217  0.08840167  1.          0.        ]
 [ 0.73486709  0.48802111  0.28129826  0.29077738  0.33769388  0.33282853
   0.0895339   0.28577379 -0.02154164  1.        ]]
u = [[28060059.         22323893.         23533439.         22421432.
  21273847.         24242316.         23416684.         22309595.
  22292545.         20620414.        ]
 [       0.         16449080.62881799  7723434.57152079  8513787.99870577
   5539168.40789932  5538887.46018011  9475375.97875022  8805884.76605894
   6068669.32683374  8027498.63609642]
 [       0.                0.         12088926.16571188  4884893.99343675
   2266284.56800706  3400567.86407933  4926106.9092659   3416349.63218027
   2592943.17391509  3400593.9469755 ]
 [       0.                0.                0.          9507169.96738293
   2664977.10480386  1527914.67582951  1713762.08953682  2646565.24217274
   2558145.28915221  2764469.93843402]
 [       0.                0.                0.                0.
   8567012.6986956   2448626.57671464  2152478.74434384  3109359.14140096
   3205969.48031626  2893027.79118732]
 [       0.                0.                0.                0.
         0.         10441312.18065354  1418118.85625986  3506564.37450214
   1653925.22766995  3475166.60208666]
 [       0.                0.                0.                0.
         0.                0.         10147096.16603461   979624.89164684
   2503412.11201014   908509.06833199]
 [       0.                0.                0.                0.
         0.                0.                0.          8599888.24662448
    760244.45078341  2457622.69125455]
 [       0.                0.                0.                0.
         0.                0.                0.                0.
   7733795.86047474  -166598.67362959]
 [       0.                0.                0.                0.
         0.                0.                0.                0.
         0.          8391213.27274152]]
y = [[2240648.        ]
 [ 556818.54422662]
 [ 249266.72238098]
 [ 187978.55346755]
 [ -11221.15353726]
 [ 272910.87064536]
 [ 182310.38608163]
 [  65813.84478892]
 [   9658.87487295]
 [ -86349.8687877 ]]
x = [[ 0.03048669]
 [ 0.00967328]
 [ 0.00242057]
 [ 0.01630618]
 [-0.01316927]
 [ 0.02347943]
 [ 0.0176207 ]
 [ 0.01050282]
 [ 0.00102724]
 [-0.01029051]]
e = [[ 19.19499254]
 [-46.81564128]
 [-23.5749768 ]
 [-24.42635273]
 [ 31.12619324]
 [  1.10628965]
 [-15.45588132]
 [ 29.64524279]
 [ 23.33798594]
 [-31.97254524]
 [ 45.88282406]
 [ 31.35903541]
 [ 29.43729468]
 [-24.21287999]
 [-39.37332263]
 [ 54.13510571]
 [-13.89176752]
 [-39.1713423 ]
 [ 51.34602557]
 [ 20.38699038]
 [-74.80830758]
 [ 22.99970477]
 [ -9.13046976]
 [ 24.74169995]
 [-30.99850096]
 [  2.78606267]
 [-19.47780321]
 [ 20.8530094 ]
 [-17.39042054]
 [-10.7138884 ]
 [ 17.29554473]
 [-36.01910798]
 [-20.18635591]
 [ 18.26970164]
 [ 22.04035502]
 [-31.88675978]
 [-15.58474959]
 [  1.21289737]
 [-44.98087941]
 [ 18.77506598]
 [-32.69630149]
 [ 38.80679078]
 [-49.49724698]
 [-36.94190245]
 [ 37.61101545]
 [ 32.9371446 ]
 [-49.1059476 ]
 [-18.44676221]
 [-14.96246539]
 [-23.37488032]
 [ 15.37041662]
 [  8.26864463]
 [ 29.03239068]
 [ 39.76685322]
 [ 31.77812931]
 [-47.58627218]
 [-58.63325799]
 [ 26.05539795]
 [ 20.65594105]
 [-24.56344663]
 [-44.17353654]
 [-38.82624093]
 [ -8.47734633]
 [-16.76330677]
 [ 37.51719678]
 [  1.57066324]
 [-64.77064989]
 [ 21.74716078]
 [  8.6466412 ]
 [-43.74133248]
 [ -2.59285631]
 [  4.57461228]
 [-30.90731671]
 [-28.48962294]
 [ 26.7950317 ]
 [ 16.6853314 ]
 [ -6.47684521]
 [  0.84900876]
 [ 15.37499694]
 [ 11.38288582]
 [-34.6852666 ]
 [ -0.1411069 ]
 [  2.36405906]
 [  6.53975971]
 [-34.21366318]
 [ 24.49783458]
 [ 41.74464907]
 [ 43.64054757]
 [  4.70129692]
 [  0.48331595]
 [ -6.03079009]
 [ 33.51780984]
 [ 38.59738219]
 [-10.74075983]
 [  0.12026672]
 [ 40.32246414]
 [ 43.12556437]
 [ 29.62119853]
 [-11.6702299 ]
 [  1.45831095]]