V = [[13759. 17972. 14996. ... 14076.  1725. 11095.]
 [15094. 10652.  4484. ...  8879. 13947.  5186.]
 [19234.  7024. 11498. ... 18577.  6471. 19763.]
 ...
 [16827. 15986. 15006. ... 13181.  9741. 10733.]
 [ 4314. 14989.  1682. ... 11572.  7869. 16205.]
 [17993.  8292.  3369. ... 16137.  5095. 13187.]]
B = [[ 0.08697292  0.06208542  0.00544113 ... -0.01370786 -0.08745156
  -0.01584795]
 [ 0.09541168 -0.0101412  -0.07873343 ...  0.02762165  0.02459004
  -0.08364996]
 [ 0.12158131 -0.06946798 -0.01231583 ...  0.08664308 -0.09068658
   0.11978999]
 ...
 [ 0.10636626  0.02418611 -0.00200563 ...  0.10215983 -0.03109977
   0.03066228]
 [ 0.02726951  0.10022295 -0.06980209 ...  0.00517028 -0.05661745
   0.12960926]
 [ 0.11373674 -0.05012617 -0.09531474 ...  0.01521445  0.02448608
  -0.0559523 ]]
Error Check:
B^T B = [[ 1.00000000e+00  5.20417043e-17 -3.59087760e-16 ... -1.25593980e-15
  -7.11236625e-16 -3.67761377e-16]
 [ 5.20417043e-17  1.00000000e+00 -8.58688121e-17 ... -1.24900090e-16
  -5.20417043e-17  5.20417043e-16]
 [-3.59087760e-16 -8.58688121e-17  1.00000000e+00 ... -9.02056208e-17
   5.11743425e-17  3.88578059e-16]
 ...
 [-1.25593980e-15 -1.24900090e-16 -9.02056208e-17 ...  1.00000000e+00
   5.55111512e-17  1.38777878e-17]
 [-7.11236625e-16 -5.20417043e-17  5.11743425e-17 ...  5.55111512e-17
   1.00000000e+00  8.06646416e-17]
 [-3.67761377e-16  5.20417043e-16  3.88578059e-16 ...  1.38777878e-17
   8.06646416e-17  1.00000000e+00]]